0 15 : 	0 25
		10 15
		25 25
		35 15
		50 25
		60 15
		75 25
		85 15
		100 25
		110 15
		125 25
		135 15
		150 25
		160 15
		175 25
		185 15
		200 25
		210 15
		225 25
	


0 25 : 	0 15
		10 15
		25 25
		35 15
		50 25
		60 15
		75 25
		85 15
		100 25
		110 15
		125 25
		135 15
		150 25
		160 15
		175 25
		185 15
		200 25
		210 15
		225 25
	


10 15 : 	0 15
		0 25
		25 25
		35 15
		50 25
		60 15
		75 25
		85 15
		100 25
		110 15
		125 25
		135 15
		150 25
		160 15
		175 25
		185 15
		200 25
		210 15
		225 25
	


15 59 : 	15 69
		15 85
		15 110
		15 135
		15 160
		15 185
		15 210
		16 122
		19 150
		19 175
		25 59
		25 75
		25 100
		25 200
		25 225
		41 59
		50 75
		50 100
		51 122
		63 59
		63 81
		63 113
		63 138
		75 100
		100 125
		125 150
		144 169
	


15 69 : 	15 59
		15 85
		15 110
		15 135
		15 160
		15 185
		15 210
		16 122
		19 150
		19 175
		25 59
		25 75
		25 100
		25 200
		25 225
		41 59
		50 75
		50 100
		51 122
		63 59
		63 81
		63 113
		63 138
		75 100
		100 125
		113 113
		125 150
	


15 85 : 	15 59
		15 69
		15 110
		15 135
		15 160
		15 185
		15 210
		16 122
		19 150
		19 175
		25 59
		25 75
		25 100
		25 200
		25 225
		41 59
		50 75
		50 100
		51 122
		63 59
		63 81
		63 113
		63 138
		75 100
		100 100
		100 125
		113 113
		138 113
	


15 110 : 	15 59
		15 69
		15 85
		15 135
		15 160
		15 185
		15 210
		16 122
		19 150
		19 175
		25 59
		25 75
		25 100
		25 200
		25 225
		41 59
		50 75
		50 100
		63 59
		63 81
		63 113
		75 100
		100 100
		113 113
		125 100
		138 113
		144 94
	


15 135 : 	15 59
		15 69
		15 85
		15 110
		15 160
		15 185
		15 210
		16 122
		19 150
		19 175
		25 59
		25 75
		25 100
		25 200
		25 225
		41 59
		50 75
		50 100
		63 59
		63 81
	


15 160 : 	15 59
		15 69
		15 85
		15 110
		15 135
		15 185
		15 210
		16 122
		19 150
		19 175
		25 59
		25 75
		25 100
		25 200
		25 225
		41 59
		50 200
		50 225
		75 225
	


15 185 : 	15 59
		15 69
		15 85
		15 110
		15 135
		15 160
		15 210
		16 122
		19 150
		19 175
		25 59
		25 75
		25 100
		25 200
		25 225
		44 181
		50 200
		50 225
		75 181
		75 200
		75 225
		100 175
		100 200
		100 225
		125 200
		125 225
		144 169
		144 200
		150 225
		175 225
	


15 210 : 	15 59
		15 69
		15 85
		15 110
		15 135
		15 160
		15 185
		16 122
		19 150
		19 175
		25 59
		25 75
		25 100
		25 200
		25 225
		44 181
		50 200
		50 225
		75 181
		75 200
		75 225
		100 175
		100 200
		100 225
		119 169
		125 200
		125 225
		144 145
		144 200
		150 225
		175 225
		200 225
		225 225
	


16 122 : 	15 59
		15 69
		15 85
		15 110
		15 135
		15 160
		15 185
		15 210
		19 150
		19 175
		25 59
		25 75
		25 100
		25 200
		25 225
		41 59
		50 75
		50 100
		63 59
		63 81
		75 100
		100 100
		144 69
	


19 150 : 	15 59
		15 69
		15 85
		15 110
		15 135
		15 160
		15 185
		15 210
		16 122
		19 175
		25 59
		25 75
		25 100
		25 200
		25 225
		41 59
		50 225
	


19 175 : 	15 59
		15 69
		15 85
		15 110
		15 135
		15 160
		15 185
		15 210
		16 122
		19 150
		25 59
		25 75
		25 100
		25 200
		25 225
		44 181
		50 200
		50 225
		75 200
		75 225
		100 200
		100 225
		125 200
		125 225
		144 200
		150 225
		175 225
	


25 25 : 	0 15
		0 25
		10 15
		35 15
		50 25
		60 15
		75 25
		85 15
		100 25
		110 15
		125 25
		135 15
		150 25
		160 15
		175 25
		185 15
		200 25
		210 15
		225 25
	


25 59 : 	15 59
		15 69
		15 85
		15 110
		15 135
		15 160
		15 185
		15 210
		16 122
		19 150
		19 175
		25 75
		25 100
		25 200
		25 225
		41 59
		50 75
		50 100
		51 122
		63 59
		63 81
		63 113
		63 138
		75 100
		100 125
		125 150
		144 169
	


25 75 : 	15 59
		15 69
		15 85
		15 110
		15 135
		15 160
		15 185
		15 210
		16 122
		19 150
		19 175
		25 59
		25 100
		25 200
		25 225
		41 59
		50 75
		50 100
		51 122
		63 59
		63 81
		63 113
		63 138
		75 100
		100 125
		113 113
		125 150
	


25 100 : 	15 59
		15 69
		15 85
		15 110
		15 135
		15 160
		15 185
		15 210
		16 122
		19 150
		19 175
		25 59
		25 75
		25 200
		25 225
		41 59
		50 75
		50 100
		51 122
		63 59
		63 81
		63 113
		63 138
		75 100
		100 100
		113 113
		125 100
		138 113
		144 94
	


25 200 : 	15 59
		15 69
		15 85
		15 110
		15 135
		15 160
		15 185
		15 210
		16 122
		19 150
		19 175
		25 59
		25 75
		25 100
		25 225
		44 181
		50 200
		50 225
		75 181
		75 200
		75 225
		100 175
		100 200
		100 225
		119 169
		125 200
		125 225
		144 200
		150 225
		175 225
	


25 225 : 	15 59
		15 69
		15 85
		15 110
		15 135
		15 160
		15 185
		15 210
		16 122
		19 150
		19 175
		25 59
		25 75
		25 100
		25 200
		44 181
		50 200
		50 225
		75 181
		75 200
		75 225
		100 175
		100 200
		100 225
		119 169
		125 150
		125 200
		125 225
		144 145
		144 200
		150 225
		175 225
		200 225
		225 225
	


35 15 : 	0 15
		0 25
		10 15
		25 25
		50 25
		60 15
		75 25
		85 15
		100 25
		110 15
		125 25
		135 15
		150 25
		160 15
		175 25
		185 15
		200 25
		210 15
		225 25
	


41 59 : 	15 59
		15 69
		15 85
		15 110
		15 135
		15 160
		16 122
		19 150
		25 59
		25 75
		25 100
		50 75
		50 100
		51 122
		51 147
		63 59
		63 81
		63 113
		63 138
		75 100
		100 125
		125 150
		144 169
	


44 181 : 	15 185
		15 210
		19 175
		25 200
		25 225
		50 200
		50 225
		75 181
		75 200
		75 225
		100 175
		100 200
		100 225
		125 200
		125 225
		144 200
		150 225
	


50 25 : 	0 15
		0 25
		10 15
		25 25
		35 15
		60 15
		75 25
		85 15
		100 25
		110 15
		125 25
		135 15
		150 25
		160 15
		175 25
		185 15
		200 25
		210 15
		225 25
	


50 75 : 	15 59
		15 69
		15 85
		15 110
		15 135
		16 122
		25 59
		25 75
		25 100
		41 59
		50 100
		51 122
		51 147
		63 59
		63 81
		63 113
		63 138
		75 100
		100 125
		125 150
		144 169
	


50 100 : 	15 59
		15 69
		15 85
		15 110
		15 135
		16 122
		25 59
		25 75
		25 100
		41 59
		50 75
		51 122
		51 147
		63 59
		63 81
		63 113
		63 138
		75 100
		100 100
		100 125
		113 113
		125 100
		138 113
		144 94
	


50 200 : 	15 160
		15 185
		15 210
		19 175
		25 200
		25 225
		44 181
		50 225
		75 181
		75 200
		75 225
		100 175
		100 200
		100 225
		119 169
		125 150
		125 200
		125 225
		144 145
		144 200
		150 225
		175 225
	


50 225 : 	15 160
		15 185
		15 210
		19 150
		19 175
		25 200
		25 225
		44 181
		50 200
		75 181
		75 200
		75 225
		100 175
		100 200
		100 225
		119 169
		125 150
		125 200
		125 225
		144 145
		144 200
		150 225
		175 225
		200 225
		225 225
	


51 122 : 	15 59
		15 69
		15 85
		25 59
		25 75
		25 100
		41 59
		50 75
		50 100
		51 147
		63 59
		63 81
		63 113
		63 138
		75 100
		100 100
		125 75
		125 100
		141 59
		144 69
		144 94
	


51 147 : 	41 59
		50 75
		50 100
		51 122
		63 59
		63 81
		63 113
		63 138
		75 100
		100 75
		116 59
	


60 15 : 	0 15
		0 25
		10 15
		25 25
		35 15
		50 25
		75 25
		85 15
		100 25
		110 15
		125 25
		135 15
		150 25
		160 15
		175 25
		185 15
		200 25
		210 15
		225 25
	


63 59 : 	15 59
		15 69
		15 85
		15 110
		15 135
		16 122
		25 59
		25 75
		25 100
		41 59
		50 75
		50 100
		51 122
		51 147
		63 81
		63 113
		63 138
	


63 81 : 	15 59
		15 69
		15 85
		15 110
		15 135
		16 122
		25 59
		25 75
		25 100
		41 59
		50 75
		50 100
		51 122
		51 147
		63 59
		63 113
		63 138
		75 100
		100 125
		119 169
		125 150
		144 169
	


63 113 : 	15 59
		15 69
		15 85
		15 110
		25 59
		25 75
		25 100
		41 59
		50 75
		50 100
		51 122
		51 147
		63 59
		63 81
		63 138
		75 100
		100 75
		100 100
		113 113
		116 59
		125 75
		125 100
		138 113
		141 59
		144 69
		144 94
	


63 138 : 	15 59
		15 69
		15 85
		25 59
		25 75
		25 100
		41 59
		50 75
		50 100
		51 122
		51 147
		63 59
		63 81
		63 113
		75 100
	


75 25 : 	0 15
		0 25
		10 15
		25 25
		35 15
		50 25
		60 15
		85 15
		100 25
		110 15
		125 25
		135 15
		150 25
		160 15
		175 25
		185 15
		200 25
		210 15
		225 25
	


75 100 : 	15 59
		15 69
		15 85
		15 110
		16 122
		25 59
		25 75
		25 100
		41 59
		50 75
		50 100
		51 122
		51 147
		63 81
		63 113
		63 138
		100 75
		100 100
		100 125
		113 113
		116 59
		119 169
		125 75
		125 100
		125 150
		138 113
		141 59
		144 69
		144 94
		144 169
	


75 181 : 	15 185
		15 210
		25 200
		25 225
		44 181
		50 200
		50 225
		75 200
		75 225
		100 175
		100 200
		100 225
		119 169
		125 150
		125 200
		125 225
		144 145
		144 169
		150 225
	


75 200 : 	15 185
		15 210
		19 175
		25 200
		25 225
		44 181
		50 200
		50 225
		75 181
		75 225
		100 150
		100 175
		100 200
		100 225
		119 169
		125 150
		125 200
		125 225
		141 59
		144 145
		144 200
		150 225
		175 225
	


75 225 : 	15 160
		15 185
		15 210
		19 175
		25 200
		25 225
		44 181
		50 200
		50 225
		75 181
		75 200
		100 150
		100 175
		100 200
		100 225
		113 113
		119 169
		125 75
		125 150
		125 200
		125 225
		144 200
		150 225
		175 225
		200 225
		225 225
	


85 15 : 	0 15
		0 25
		10 15
		25 25
		35 15
		50 25
		60 15
		75 25
		100 25
		110 15
		125 25
		135 15
		150 25
		160 15
		175 25
		185 15
		200 25
		210 15
		225 25
	


95 59 : 	100 75
		100 100
		100 125
		100 150
		100 175
		100 200
		100 225
		113 113
		116 59
		125 75
		125 100
		138 113
		141 59
		144 69
		144 94
	


100 25 : 	0 15
		0 25
		10 15
		25 25
		35 15
		50 25
		60 15
		75 25
		85 15
		110 15
		125 25
		135 15
		150 25
		160 15
		175 25
		185 15
		200 25
		210 15
		225 25
	


100 75 : 	51 147
		63 113
		75 100
		95 59
		100 100
		100 125
		100 150
		100 175
		100 200
		100 225
		113 113
		116 59
		125 75
		125 100
		138 113
		141 59
		144 69
		144 94
	


100 100 : 	15 85
		15 110
		16 122
		25 100
		50 100
		51 122
		63 113
		75 100
		95 59
		100 75
		100 125
		100 150
		100 175
		100 200
		100 225
		113 113
		116 59
		119 169
		125 75
		125 100
		138 113
		141 59
		144 69
		144 94
	


100 125 : 	15 59
		15 69
		15 85
		25 59
		25 75
		41 59
		50 75
		50 100
		63 81
		75 100
		95 59
		100 75
		100 100
		100 150
		100 175
		100 200
		100 225
		113 113
		116 59
		119 169
		125 75
		125 100
		125 150
		138 113
		141 59
		144 69
		144 94
		144 169
	


100 150 : 	75 200
		75 225
		95 59
		100 75
		100 100
		100 125
		100 175
		100 200
		100 225
		113 113
		116 59
		119 169
		125 75
		125 150
		141 59
		144 145
		144 169
	


100 175 : 	15 185
		15 210
		25 200
		25 225
		44 181
		50 200
		50 225
		75 181
		75 200
		75 225
		95 59
		100 75
		100 100
		100 125
		100 150
		100 200
		100 225
		113 113
		116 59
		119 169
		125 150
		125 200
		125 225
		144 145
		144 169
		150 225
	


100 200 : 	15 185
		15 210
		19 175
		25 200
		25 225
		44 181
		50 200
		50 225
		75 181
		75 200
		75 225
		95 59
		100 75
		100 100
		100 125
		100 150
		100 175
		100 225
		116 59
		119 169
		125 150
		125 200
		125 225
		144 200
		150 225
		175 225
	


100 225 : 	15 185
		15 210
		19 175
		25 200
		25 225
		44 181
		50 200
		50 225
		75 181
		75 200
		75 225
		95 59
		100 75
		100 100
		100 125
		100 150
		100 175
		100 200
		116 59
		125 200
		125 225
		144 200
		150 225
		175 225
		200 225
		225 225
	


110 15 : 	0 15
		0 25
		10 15
		25 25
		35 15
		50 25
		60 15
		75 25
		85 15
		100 25
		125 25
		135 15
		150 25
		160 15
		175 25
		185 15
		200 25
		210 15
		225 25
	


113 113 : 	15 69
		15 85
		15 110
		25 75
		25 100
		50 100
		63 113
		75 100
		75 225
		95 59
		100 75
		100 100
		100 125
		100 150
		100 175
		116 59
		125 75
		125 100
		138 113
		141 59
		144 69
		144 94
	


116 59 : 	51 147
		63 113
		75 100
		95 59
		100 75
		100 100
		100 125
		100 150
		100 175
		100 200
		100 225
		113 113
		125 75
		125 100
		138 113
		141 59
		144 69
		144 94
	


119 169 : 	15 210
		25 200
		25 225
		50 200
		50 225
		63 81
		75 100
		75 181
		75 200
		75 225
		100 100
		100 125
		100 150
		100 175
		100 200
		125 150
		144 145
		144 169
	


125 25 : 	0 15
		0 25
		10 15
		25 25
		35 15
		50 25
		60 15
		75 25
		85 15
		100 25
		110 15
		135 15
		150 25
		160 15
		175 25
		185 15
		200 25
		210 15
		225 25
	


125 75 : 	51 122
		63 113
		75 100
		75 225
		95 59
		100 75
		100 100
		100 125
		100 150
		113 113
		116 59
		125 100
		138 113
		141 59
		144 69
		144 94
	


125 100 : 	15 110
		25 100
		50 100
		51 122
		63 113
		75 100
		95 59
		100 75
		100 100
		100 125
		113 113
		116 59
		125 75
		138 113
		141 59
		144 69
		144 94
	


125 150 : 	15 59
		15 69
		25 59
		25 75
		25 225
		41 59
		50 75
		50 200
		50 225
		63 81
		75 100
		75 181
		75 200
		75 225
		100 125
		100 150
		100 175
		100 200
		119 169
		144 145
		144 169
	


125 200 : 	15 185
		15 210
		19 175
		25 200
		25 225
		44 181
		50 200
		50 225
		75 181
		75 200
		75 225
		100 175
		100 200
		100 225
		125 225
		144 200
		150 225
	


125 225 : 	15 185
		15 210
		19 175
		25 200
		25 225
		44 181
		50 200
		50 225
		75 181
		75 200
		75 225
		100 175
		100 200
		100 225
		125 200
		144 200
		150 225
		175 225
		200 225
		225 225
	


135 15 : 	0 15
		0 25
		10 15
		25 25
		35 15
		50 25
		60 15
		75 25
		85 15
		100 25
		110 15
		125 25
		150 25
		160 15
		175 25
		185 15
		200 25
		210 15
		225 25
	


138 113 : 	15 85
		15 110
		25 100
		50 100
		63 113
		75 100
		95 59
		100 75
		100 100
		100 125
		113 113
		116 59
		125 75
		125 100
		141 59
		144 69
		144 94
	


141 59 : 	51 122
		63 113
		75 100
		75 200
		95 59
		100 75
		100 100
		100 125
		100 150
		113 113
		116 59
		125 75
		125 100
		138 113
		144 69
		144 94
	


144 69 : 	16 122
		51 122
		63 113
		75 100
		95 59
		100 75
		100 100
		100 125
		113 113
		116 59
		125 75
		125 100
		138 113
		141 59
		144 94
	


144 94 : 	15 110
		25 100
		50 100
		51 122
		63 113
		75 100
		95 59
		100 75
		100 100
		100 125
		113 113
		116 59
		125 75
		125 100
		138 113
		141 59
		144 69
	


144 145 : 	15 210
		25 225
		50 200
		50 225
		75 181
		75 200
		100 150
		100 175
		119 169
		125 150
		144 169
	


144 169 : 	15 59
		15 185
		25 59
		41 59
		50 75
		63 81
		75 100
		75 181
		100 125
		100 150
		100 175
		119 169
		125 150
		144 145
	


144 200 : 	15 185
		15 210
		19 175
		25 200
		25 225
		44 181
		50 200
		50 225
		75 200
		75 225
		100 200
		100 225
		125 200
		125 225
		150 225
	


150 25 : 	0 15
		0 25
		10 15
		25 25
		35 15
		50 25
		60 15
		75 25
		85 15
		100 25
		110 15
		125 25
		135 15
		160 15
		175 25
		185 15
		200 25
		210 15
		225 25
	


150 225 : 	15 185
		15 210
		19 175
		25 200
		25 225
		44 181
		50 200
		50 225
		75 181
		75 200
		75 225
		100 175
		100 200
		100 225
		125 200
		125 225
		144 200
		175 225
		200 200
		200 225
		225 200
		225 225
	


160 15 : 	0 15
		0 25
		10 15
		25 25
		35 15
		50 25
		60 15
		75 25
		85 15
		100 25
		110 15
		125 25
		135 15
		150 25
		175 25
		185 15
		200 25
		210 15
		225 25
	


175 25 : 	0 15
		0 25
		10 15
		25 25
		35 15
		50 25
		60 15
		75 25
		85 15
		100 25
		110 15
		125 25
		135 15
		150 25
		160 15
		185 15
		200 25
		210 15
		225 25
	


175 59 : 	175 75
		175 100
		175 116
		194 104
		197 72
		203 59
		203 116
		222 72
		225 125
		225 150
	


175 75 : 	175 59
		175 100
		175 116
		194 104
		197 72
		203 59
		203 116
		222 72
		225 50
		225 125
		225 150
	


175 100 : 	175 59
		175 75
		175 116
		194 104
		197 72
		203 59
		203 116
		219 104
		225 25
		225 50
		225 125
	


175 116 : 	175 59
		175 75
		175 100
		194 104
		197 72
		203 59
		203 116
		219 104
		225 25
		225 50
		225 125
	


175 150 : 	175 175
		175 200
		175 225
		191 166
		200 150
		200 200
		200 225
		210 160
		225 150
		225 225
	


175 175 : 	175 150
		175 200
		175 225
		191 166
		200 150
		200 200
		200 225
		210 160
		225 125
		225 150
		225 200
		225 225
	


175 200 : 	175 150
		175 175
		175 225
		191 166
		200 150
		200 200
		200 225
		210 160
		225 125
		225 200
		225 225
	


175 225 : 	15 185
		15 210
		19 175
		25 200
		25 225
		50 200
		50 225
		75 200
		75 225
		100 200
		100 225
		125 225
		150 225
		175 150
		175 175
		175 200
		191 166
		200 150
		200 200
		200 225
		225 200
		225 225
	


185 15 : 	0 15
		0 25
		10 15
		25 25
		35 15
		50 25
		60 15
		75 25
		85 15
		100 25
		110 15
		125 25
		135 15
		150 25
		160 15
		175 25
		200 25
		210 15
		225 25
		225 50
	


191 166 : 	175 150
		175 175
		175 200
		175 225
		200 150
		200 200
		200 225
		210 160
		225 125
		225 150
		225 225
	


194 104 : 	175 59
		175 75
		175 100
		175 116
		197 72
		203 59
		203 116
		219 104
		225 125
		225 150
	


197 72 : 	175 59
		175 75
		175 100
		175 116
		194 104
		203 59
		222 72
		225 25
		225 50
	


200 25 : 	0 15
		0 25
		10 15
		25 25
		35 15
		50 25
		60 15
		75 25
		85 15
		100 25
		110 15
		125 25
		135 15
		150 25
		160 15
		175 25
		185 15
		210 15
		225 25
		225 50
	


200 150 : 	175 150
		175 175
		175 200
		175 225
		191 166
		210 160
		225 125
		225 150
	


200 200 : 	150 225
		175 150
		175 175
		175 200
		175 225
		191 166
		200 225
		225 200
		225 225
	


200 225 : 	15 210
		25 225
		50 225
		75 225
		100 225
		125 225
		150 225
		175 150
		175 175
		175 200
		175 225
		191 166
		200 200
		225 200
		225 225
	


203 59 : 	175 59
		175 75
		175 100
		175 116
		194 104
		197 72
		222 72
		225 25
		225 50
	


203 116 : 	175 59
		175 75
		175 100
		175 116
		194 104
		219 104
		225 125
		225 150
	


210 15 : 	0 15
		0 25
		10 15
		25 25
		35 15
		50 25
		60 15
		75 25
		85 15
		100 25
		110 15
		125 25
		135 15
		150 25
		160 15
		175 25
		185 15
		200 25
		222 72
		225 25
		225 50
	


210 160 : 	175 150
		175 175
		175 200
		191 166
		200 150
		219 104
		225 125
		225 150
	


219 104 : 	175 100
		175 116
		194 104
		203 116
		210 160
		225 125
		225 150
	


222 72 : 	175 59
		175 75
		197 72
		203 59
		210 15
		225 25
		225 50
	


225 25 : 	0 15
		0 25
		10 15
		25 25
		35 15
		50 25
		60 15
		75 25
		85 15
		100 25
		110 15
		125 25
		135 15
		150 25
		160 15
		175 25
		175 100
		175 116
		185 15
		197 72
		200 25
		203 59
		210 15
		222 72
		225 50
	


225 50 : 	175 75
		175 100
		175 116
		185 15
		197 72
		200 25
		203 59
		210 15
		222 72
		225 25
	


225 125 : 	175 59
		175 75
		175 100
		175 116
		175 175
		175 200
		191 166
		194 104
		200 150
		203 116
		210 160
		219 104
		225 150
	


225 150 : 	175 59
		175 75
		175 150
		175 175
		191 166
		194 104
		200 150
		203 116
		210 160
		219 104
		225 125
	


225 200 : 	150 225
		175 175
		175 200
		175 225
		200 200
		200 225
		225 225
	


225 225 : 	15 210
		25 225
		50 225
		75 225
		100 225
		125 225
		150 225
		175 150
		175 175
		175 200
		175 225
		191 166
		200 200
		200 225
		225 200
	


