100 100 100 100 100 100 100 100 100 100 100 100 100 100 100 100 100 100 100 100 100 100 100 100 100 100 100 100 100 
100 300 300 300 300 300 300 300 300 300 300 300 300 300 300 300 300 300 300 300 300 300 300 300 300 300 300 300 100 
100 300 900 900 900 900 900 900 900 900 900 900 900 900 900 900 900 900 900 900 900 900 900 900 900 900 900 300 100 
100 300 900 2700 2700 2700 2700 2700 2700 2700 2700 2700 2700 2700 2700 2700 2700 2700 2700 2700 2700 2700 2700 2700 2700 2700 900 300 100 
100 300 900 2700 8100 8100 8100 8100 8100 8100 8100 8100 8100 8100 8100 8100 8100 8100 8100 8100 8100 8100 8100 8100 8100 2700 900 300 100 
100 300 900 2700 8100 24300 24300 24300 24300 24300 24300 24300 24300 24300 24300 24300 24300 24300 24300 24300 24300 24300 24300 24300 8100 2700 900 300 100 
100 300 900 2700 8100 24300 72900 72900 72900 72900 72900 72900 72900 72900 72900 72900 72900 72900 72900 72900 72900 72900 72900 24300 8100 2700 900 300 100 
100 300 900 2700 8100 24300 72900 218700 218700 218700 218700 218700 218700 218700 218700 218700 218700 218700 218700 218700 218700 218700 72900 24300 8100 2700 900 300 100 
100 300 900 2700 8100 24300 72900 218700 656100 656100 656100 656100 656100 656100 656100 656100 656100 656100 656100 656100 656100 218700 72900 24300 8100 2700 900 300 100 
100 300 900 2700 8100 24300 72900 218700 656100 1968300 1968300 1968300 1968300 1968300 1968300 1968300 1968300 1968300 1968300 1968300 656100 218700 72900 24300 8100 2700 900 300 100 
100 300 900 2700 8100 24300 72900 218700 656100 1968300 5904900 5904900 5904900 5904900 5904900 5904900 5904900 5904900 5904900 1968300 656100 218700 72900 24300 8100 2700 900 300 100 
100 300 900 2700 8100 24300 72900 218700 656100 1968300 5904900 17714700 17714700 17714700 17714700 17714700 17714700 17714700 5904900 1968300 656100 218700 72900 24300 8100 2700 900 300 100 
100 300 900 2700 8100 24300 72900 218700 656100 1968300 5904900 17714700 53144100 53144100 53144100 53144100 53144100 17714700 5904900 1968300 656100 218700 72900 24300 8100 2700 900 300 100 
100 300 900 2700 8100 24300 72900 218700 656100 1968300 5904900 17714700 53144100 159432300 159432300 159432300 53144100 17714700 5904900 1968300 656100 218700 72900 24300 8100 2700 900 300 100 
100 300 900 2700 8100 24300 72900 218700 656100 1968300 5904900 17714700 53144100 159432300 478296900 159432300 53144100 17714700 5904900 1968300 656100 218700 72900 24300 8100 2700 900 300 100 
100 300 900 2700 8100 24300 72900 218700 656100 1968300 5904900 17714700 53144100 159432300 159432300 159432300 53144100 17714700 5904900 1968300 656100 218700 72900 24300 8100 2700 900 300 100 
100 300 900 2700 8100 24300 72900 218700 656100 1968300 5904900 17714700 53144100 53144100 53144100 53144100 53144100 17714700 5904900 1968300 656100 218700 72900 24300 8100 2700 900 300 100 
100 300 900 2700 8100 24300 72900 218700 656100 1968300 5904900 17714700 17714700 17714700 17714700 17714700 17714700 17714700 5904900 1968300 656100 218700 72900 24300 8100 2700 900 300 100 
100 300 900 2700 8100 24300 72900 218700 656100 1968300 5904900 5904900 5904900 5904900 5904900 5904900 5904900 5904900 5904900 1968300 656100 218700 72900 24300 8100 2700 900 300 100 
100 300 900 2700 8100 24300 72900 218700 656100 1968300 1968300 1968300 1968300 1968300 1968300 1968300 1968300 1968300 1968300 1968300 656100 218700 72900 24300 8100 2700 900 300 100 
100 300 900 2700 8100 24300 72900 218700 656100 656100 656100 656100 656100 656100 656100 656100 656100 656100 656100 656100 656100 218700 72900 24300 8100 2700 900 300 100 
100 300 900 2700 8100 24300 72900 218700 218700 218700 218700 218700 218700 218700 218700 218700 218700 218700 218700 218700 218700 218700 72900 24300 8100 2700 900 300 100 
100 300 900 2700 8100 24300 72900 72900 72900 72900 72900 72900 72900 72900 72900 72900 72900 72900 72900 72900 72900 72900 72900 24300 8100 2700 900 300 100 
100 300 900 2700 8100 24300 24300 24300 24300 24300 24300 24300 24300 24300 24300 24300 24300 24300 24300 24300 24300 24300 24300 24300 8100 2700 900 300 100 
100 300 900 2700 8100 8100 8100 8100 8100 8100 8100 8100 8100 8100 8100 8100 8100 8100 8100 8100 8100 8100 8100 8100 8100 2700 900 300 100 
100 300 900 2700 2700 2700 2700 2700 2700 2700 2700 2700 2700 2700 2700 2700 2700 2700 2700 2700 2700 2700 2700 2700 2700 2700 900 300 100 
100 300 900 900 900 900 900 900 900 900 900 900 900 900 900 900 900 900 900 900 900 900 900 900 900 900 900 300 100 
100 300 300 300 300 300 300 300 300 300 300 300 300 300 300 300 300 300 300 300 300 300 300 300 300 300 300 300 100 
100 100 100 100 100 100 100 100 100 100 100 100 100 100 100 100 100 100 100 100 100 100 100 100 100 100 100 100 100 




1 1 1 1 1 1 1 1 1 1 1 1 1 1 1 1 1 1 1 
1 3 3 3 3 3 3 3 3 3 3 3 3 3 3 3 3 3 1 
1 3 9 9 9 9 9 9 9 9 9 9 9 9 9 9 9 3 1 
1 3 9 27 27 27 27 27 27 27 27 27 27 27 27 27 9 3 1 
1 3 9 27 81 81 81 81 81 81 81 81 81 81 81 27 9 3 1 
1 3 9 27 81 243 243 243 243 243 243 243 243 243 81 27 9 3 1 
1 3 9 27 81 243 729 729 729 729 729 729 729 243 81 27 9 3 1 
1 3 9 27 81 243 729 2187 2187 2187 2187 2187 729 243 81 27 9 3 1 
1 3 9 27 81 243 729 2187 6561 6561 6561 2187 729 243 81 27 9 3 1 
1 3 9 27 81 243 729 2187 6561 19683 6561 2187 729 243 81 27 9 3 1 
1 3 9 27 81 243 729 2187 6561 6561 6561 2187 729 243 81 27 9 3 1 
1 3 9 27 81 243 729 2187 2187 2187 2187 2187 729 243 81 27 9 3 1 
1 3 9 27 81 243 729 729 729 729 729 729 729 243 81 27 9 3 1 
1 3 9 27 81 243 243 243 243 243 243 243 243 243 81 27 9 3 1 
1 3 9 27 81 81 81 81 81 81 81 81 81 81 81 27 9 3 1 
1 3 9 27 27 27 27 27 27 27 27 27 27 27 27 27 9 3 1 
1 3 9 9 9 9 9 9 9 9 9 9 9 9 9 9 9 3 1 
1 3 3 3 3 3 3 3 3 3 3 3 3 3 3 3 3 3 1 
1 1 1 1 1 1 1 1 1 1 1 1 1 1 1 1 1 1 1 
